0 0
1 1
0 2
2 0
0 3
0 4
0 5
0 3
3 5
3 5
0 6
0 0
0 2
0 7
0 8
4 0
5 0
0 0
0 9
0 9
0 9
2 10
3 5
3 5
0 2
1 11
0 6
0 0
2 0
2 0
6 0
2 2
7 12
0 8
2 13
0 2
1 1
7 5
7 5
7 13
0 14
2 15
2 15
8 16
0 5
9 17
1 18
7 19
0 0
0 0
1 11
2 11
1 3
0 3
1 11
0 20
1 11
2 0
0 0
0 0
0 2
1 2
0 21
0 2
0 22
1 9
5 9
0 9
5 9
1 23
1 0
2 0
2 0
2 22
0 2
0 2
0 24
0 11
0 2
1 11
2 11
2 25
6 5
0 2
0 6
10 2
7 21
0 13
0 6
0 2
2 2
0 3
0 5
1 26
2 27
0 28
0 13
1 29
1 30
0 2
2 0
6 0
0 3
0 28
2 1
0 6
11 3
1 13
0 31
1 20
2 2
0 21
2 11
1 5
1 5
0 32
1 33
0 11
2 11
0 21
1 11
0 11
0 2
1 24
2 22
0 11
7 34
2 11
2 35
0 36
2 13
0 1
2 30
1 37
1 24
0 2
0 2
0 2
0 8
2 38
0 2
0 0
0 13
2 2
0 39
0 39
0 39
0 40
0 41
0 15
0 15
1 5
0 2
0 2
2 24
0 42
7 5
0 21
11 5
2 11
12 21
13 13
0 43
1 31
0 15
0 15
7 19
1 44
2 24
0 3
0 0
0 31
0 45
0 3
0 2
1 46
0 47
0 2
0 2
1 24
0 3
0 3
0 3
2 20
0 13
7 2
0 2
1 28
1 5
0 48
2 11
11 49
0 11
1 11
0 2
1 11
1 11
0 28
2 11
1 5
0 20
7 2
2 3
0 6
11 3
0 50
0 51
2 5
1 52
6 2
2 21
0 5
0 5
0 3
0 3
0 2
2 24
1 23
2 27
0 53
1 24
0 22
2 0
7 13
1 22
0 22
0 54
0 6
14 13
0 55
1 2
0 22
2 24
0 11
7 1
7 5
15 3
0 11
0 11
0 56
16 5
0 57
2 58
2 11
0 21
7 13
0 59
17 8
0 22
15 13
18 6
1 13
0 60
0 45
1 13
2 0
2 0
0 61
0 0
0 0
7 19
0 0
19 24
0 31
0 3
0 3
1 11
9 62
0 31
0 2
0 8
0 22
0 0
0 0
0 0
2 63
0 22
0 2
0 2
0 13
0 13
0 2
11 64
1 57
1 49
2 20
0 3
0 2
0 43
1 19
3 5
3 5
0 2
0 2
0 33
0 20
0 21
0 20
0 20
0 20
0 28
0 2
2 21
0 65
0 32
0 21
0 66
2 1
0 28
0 11
0 11
0 11
1 11
20 67
11 68
0 24
0 15
0 69
7 49
1 0
7 28
1 5
0 2
7 2
0 2
1 29
1 22
1 13
1 23
7 24
0 2
0 2
1 13
1 5
1 5
0 22
0 31
1 70
2 15
2 15
0 5
0 71
0 72
7 13
2 2
1 21
0 2
0 2
7 13
2 66
0 24
7 2
1 24
2 73
0 13
2 21
0 19
2 21
0 20
2 3
10 11
7 49
2 15
1 31
7 49
1 49
0 21
21 74
13 13
22 75
1 76
0 76
0 49
2 13
0 21
0 22
2 13
0 77
1 24
21 78
0 6
1 8
0 8
0 3
4 79
0 3
1 28
23 22
1 22
0 0
0 3
0 31
0 3
0 3
0 80
18 81
2 21
11 21
1 11
0 2
1 43
7 24
0 21
1 19
21 8
0 11
2 75
1 19
0 2
0 82
0 3
0 83
1 49
0 11
0 66
0 2
0 21
1 11
0 2
2 13
24 84
0 3
0 2
10 3
2 83
0 49
0 11
0 49
2 11
0 3
1 3
0 28
12 49
2 28
2 85
0 27
24 2
0 86
0 15
2 2
0 43
11 21
1 24
1 18
0 13
0 2
0 2
0 2
0 2
0 2
0 13
0 87
2 24
1 1
0 24
0 27
1 2
0 13
0 88
0 41
2 52
7 24
0 89
9 62
0 13
2 2
2 24
7 69
0 3
6 24
0 90
2 40
2 91
3 21
2 24
0 66
1 18
25 43
11 5
0 20
10 92
26 93
0 94
0 11
0 8
2 24
0 95
2 96
2 97
2 75
1 20
2 42
0 98
1 22
1 31
2 24
1 40
12 21
2 57
0 99
5 100
27 101
1 22
2 102
18 103
20 2
0 104
11 5
0 60
0 105
1 13
0 45
0 78
2 1
0 15
0 15
0 31
1 106
0 3
2 107
0 8
0 15
0 108
0 23
1 22
1 31
0 15
1 2
0 3
1 18
9 62
0 63
0 0
0 0
0 24
0 3
0 13
0 2
0 0
0 3
0 8
0 8
0 5
0 0
0 3
0 0
0 20
0 109
0 110
2 66
7 111
2 11
0 83
0 83
0 21
0 13
2 28
0 3
0 13
2 21
1 21
2 112
2 49
11 21
1 2
1 5
1 5
1 43
0 21
1 49
1 3
0 28
0 49
0 3
2 3
0 3
0 28
0 3
0 3
1 2
1 3
1 11
0 49
0 5
1 113
2 13
2 66
28 114
2 49
2 115
2 49
0 32
2 13
18 3
0 3
7 19
2 21
0 115
0 116
1 28
12 49
0 49
2 117
11 118
0 119
12 21
7 2
0 0
0 0
0 0
0 0
0 0
0 0
7 38
1 120
0 2
0 2
0 2
9 2
0 24
7 21
1 22
1 2
7 42
0 0
0 0
0 121
0 2
1 13
0 23
0 41
0 15
1 0
0 41
1 22
1 122
29 122
1 2
1 123
1 22
0 23
23 22
1 22
0 124
0 125
7 126
2 13
7 24
0 2
2 2
0 13
1 13
7 5
2 2
2 127
2 3
2 2
2 20
7 21
0 22
30 5
6 5
6 5
1 128
7 1
0 3
23 22
23 22
0 13
31 129
0 3
0 84
0 3
0 3
0 130
0 58
1 96
1 96
0 27
0 86
2 131
7 21
9 122
11 122
0 96
1 13
0 5
2 22
6 5
18 43
32 3
11 132
0 133
7 24
0 134
30 135
1 22
0 27
1 24
0 24
0 136
2 66
2 24
1 20
18 43
1 2
0 13
1 31
0 24
0 77
1 2
0 137
1 138
0 31
1 79
0 66
0 0
2 0
0 22
11 79
2 126
0 3
0 3
0 139
1 28
2 0
0 0
2 0
2 0
0 28
0 3
33 24
34 140
0 52
0 3
0 79
0 141
0 52
9 62
1 11
0 3
18 3
0 2
0 0
7 111
0 31
0 142
1 0
0 3
35 22
1 143
1 0
0 61
0 8
7 13
0 127
0 2
5 21
23 144
4 20
0 66
0 145
0 31
2 146
7 49
1 57
2 49
0 147
0 3
2 114
0 148
0 3
1 24
0 149
0 28
0 28
0 11
0 150
2 13
11 11
1 21
0 3
0 3
2 13
0 3
0 43
0 43
0 22
0 2
1 13
36 3
36 3
1 3
28 66
0 24
1 2
0 3
1 13
1 19
0 32
2 49
1 66
1 11
0 28
0 3
0 3
2 11
0 21
0 3
0 3
1 3
2 24
1 13
2 11
7 24
10 83
1 151
2 21
2 65
0 2
0 11
0 11
0 49
2 11
0 28
0 2
0 11
2 152
0 11
0 153
2 24
2 49
0 66
0 21
0 11
37 154
32 13
0 155
2 3
0 15
0 88
2 69
28 3
7 24
0 3
0 3
0 2
2 0
2 0
0 111
0 31
6 0
0 31
7 156
0 31
0 121
0 0
0 0
0 127
0 2
0 27
21 2
0 157
0 158
0 3
0 159
0 39
0 39
0 160
7 128
1 12
0 22
0 3
0 3
0 13
2 19
1 22
31 8
1 11
2 13
15 24
0 24
0 24
13 2
13 2
13 2
38 2
2 24
7 24
0 0
0 0
3 161
0 46
7 24
2 2
2 21
7 22
3 5
7 162
2 5
2 11
2 13
10 24
7 24
20 163
2 24
0 3
0 3
0 3
1 141
0 121
23 22
32 164
0 165
1 166
0 8
2 83
7 167
39 3
28 168
28 168
7 5
0 22
0 169
0 40
0 22
0 3
0 31
0 31
0 170
2 13
2 13
1 13
0 171
0 3
1 28
10 0
0 43
0 28
2 21
0 172
0 173
0 174
22 84
5 75
36 48
4 175
37 154
40 13
36 84
25 176
15 176
1 3
18 43
0 12
18 24
1 70
0 24
0 177
7 24
0 158
0 20
0 43
2 2
0 6
1 22
1 22
1 22
2 178
1 66
0 13
2 6
2 179
0 66
5 180
0 24
28 120
0 8
1 138
0 2
2 181
0 0
1 182
1 183
11 5
11 5
0 45
1 31
1 18
0 3
5 3
1 3
1 184
2 31
0 3
0 185
0 62
0 3
0 3
0 22
0 3
0 3
2 186
0 2
0 3
1 187
1 5
11 3
0 3
0 0
0 188
0 3
0 5
0 13
0 5
0 62
0 169
2 13
0 13
0 189
7 3
7 66
2 2
1 190
0 31
1 22
2 21
1 11
1 13
2 57
2 49
0 28
2 11
1 3
2 66
0 191
1 2
1 2
0 13
0 192
0 3
0 3
0 6
0 21
2 193
0 66
0 13
1 13
2 194
0 195
0 28
0 49
2 11
7 13
0 196
7 49
7 75
0 3
0 2
36 3
41 2
0 197
0 49
0 24
0 3
1 49
0 11
0 24
11 3
0 3
7 198
2 2
1 5
1 5
0 3
2 11
0 11
0 20
0 199
0 32
0 3
1 70
11 3
0 3
0 168
11 49
11 49
0 3
1 3
2 200
0 144
0 11
0 201
1 2
2 49
1 11
0 3
1 202
0 3
0 11
1 203
1 203
1 144
0 3
1 204
7 49
2 11
0 13
0 3
2 19
0 3
0 3
1 11
2 49
0 49
1 11
0 3
0 3
1 3
2 3
12 28
0 205
0 5
0 13
1 3
1 98
1 206
36 207
1 208
36 207
0 209
6 2
2 82
0 210
0 1
10 0
0 69
7 111
1 15
0 3
28 114
7 5
10 211
7 21
1 5
0 28
0 3
0 22
7 13
6 212
0 2
0 31
2 5
1 2
1 2
1 2
1 31
0 37
0 24
0 24
1 66
42 213
0 43
0 214
2 5
2 5
0 24
0 27
0 212
0 31
0 2
2 13
1 0
1 215
0 2
0 52
1 11
0 22
1 2
1 22
0 19
20 216
1 22
1 19
0 217
0 217
0 13
6 218
7 49
2 13
0 15
2 1
2 160
2 2
0 8
38 13
38 2
7 2
13 2
2 2
1 5
2 38
2 219
2 13
7 13
2 13
2 11
13 220
0 45
0 15
2 1
0 24
13 13
3 221
7 2
2 1
2 2
2 5
7 22
7 198
42 24
7 13
2 5
2 23
0 5
11 11
11 6
1 222
11 13
1 19
7 167
1 184
13 223
43 224
2 45
0 184
1 225
1 226
0 227
0 24
11 228
18 229
0 230
32 75
28 49
10 20
6 37
28 49
28 49
28 3
28 114
12 231
12 231
0 232
0 84
0 3
0 233
0 22
29 3
0 3
11 84
0 84
0 3
0 96
0 96
44 234
1 235
0 236
2 21
2 24
0 237
12 75
0 75
2 238
10 75
0 239
2 240
0 96
0 241
1 242
2 5
1 22
2 11
0 70
1 2
1 22
1 146
0 13
20 49
6 187
0 3
5 43
22 2
20 128
2 2
45 21
0 3
0 243
1 75
0 244
1 46
0 5
0 245
0 3
0 3
0 43
2 192
0 192
0 27
0 246
1 43
0 212
1 43
18 43
0 247
0 1
0 24
4 24
32 22
0 6
0 84
0 28
1 19
1 13
1 79
1 31
0 31
11 222
0 3
0 248
0 3
11 249
1 250
46 15
0 3
18 0
18 0
0 3
18 8
1 22
1 15
47 8
0 3
0 31
1 2
0 251
11 44
0 3
0 61
1 2
1 22
2 252
2 30
0 28
0 28
0 0
0 3
0 253
0 70
2 5
2 254
0 75
48 0
0 31
0 3
1 3
11 24
0 31
0 184
0 255
1 75
7 111
1 22
0 8
0 256
1 19
0 160
1 19
0 22
2 6
1 2
1 11
1 257
1 22
0 13
0 70
0 258
0 3
1 259
2 0
0 31
2 19
2 3
11 3
2 5
1 3
0 3
1 11
0 11
0 49
1 13
2 11
7 49
28 83
15 49
7 231
0 2
2 111
11 260
2 24
2 57
2 261
7 262
0 263
1 3
2 3
0 49
11 43
2 21
1 1
1 1
0 264
0 3
2 13
1 2
0 3
2 168
49 201
2 49
5 3
1 146
2 13
0 3
0 265
0 3
0 3
1 11
2 49
1 3
2 21
0 266
1 11
1 24
2 13
1 267
2 28
2 267
2 268
0 2
7 24
2 13
0 3
0 3
7 13
2 66
2 49
0 49
0 269
0 3
0 2
50 64
0 27
1 6
0 28
1 3
0 3
2 20
0 28
2 13
0 49
1 20
0 64
0 28
0 28
0 3
0 3
0 3
1 270
2 13
2 21
0 21
2 21
0 64
2 11
7 271
0 272
2 21
1 3
0 3
7 2
0 83
2 11
0 25
0 21
7 273
0 20
0 28
1 11
0 3
1 21
1 49
0 3
0 116
2 42
0 49
0 274
0 274
0 11
1 49
0 3
1 275
0 32
11 276
2 11
7 49
6 3
15 20
2 21
23 20
15 20
0 3
12 49
0 3
0 3
0 14
0 277
0 277
0 75
0 22
5 75
1 278
0 206
0 279
0 49
0 13
0 26
1 280
1 83
2 281
0 3
0 3
2 2
7 69
2 111
11 21
2 282
7 1
0 283
0 3
1 284
6 24
0 24
1 2
0 22
0 24
3 13
7 69
0 285
1 2
14 271
1 19
0 31
2 28
2 286
1 251
6 21
1 57
0 57
0 57
1 2
16 2
1 45
13 287
1 22
0 3
0 43
1 1
0 3
9 18
0 3
1 1
0 137
2 288
14 114
0 3
0 24
0 27
0 46
1 23
2 190
3 8
2 13
0 22
1 37
0 289
0 290
0 2
1 13
0 2
1 22
1 5
1 5
0 291
1 22
2 1
1 292
0 293
20 5
1 5
6 163
0 294
0 69
0 13
0 295
11 296
0 212
1 259
7 251
2 22
2 271
2 22
0 297
2 2
2 2
2 13
0 2
0 2
13 2
1 11
7 57
2 21
13 57
7 298
0 13
0 299
2 5
0 55
13 24
2 300
0 15
7 185
2 194
2 24
0 47
0 301
2 1
2 2
7 126
1 302
0 2
2 303
7 126
6 304
28 305
0 305
2 305
2 49
0 24
0 13
0 130
0 130
1 306
1 70
1 57
1 141
32 21
0 11
1 6
2 22
0 45
51 307
23 19
2 83
29 308
52 22
0 25
15 20
1 309
5 310
11 79
11 79
4 79
4 79
15 311
11 79
36 312
53 32
7 13
28 313
0 3
2 21
2 21
2 21
2 21
0 75
6 13
16 24
6 66
23 126
6 314
28 3
28 114
28 11
54 315
50 268
5 24
5 24
28 316
55 43
0 5
0 124
0 101
2 317
0 31
0 3
0 31
18 3
18 22
0 3
2 21
0 236
1 285
7 318
2 21
2 75
1 319
1 75
2 21
0 75
11 3
0 11
2 49
1 75
1 3
1 75
11 3
2 3
1 66
0 320
2 5
2 13
2 315
2 21
0 21
0 21
0 2
0 22
0 2
0 321
2 96
0 96
0 96
0 96
6 322
2 49
2 13
2 323
1 302
7 22
2 24
0 124
0 130
1 22
5 24
56 324
56 324
18 6
10 325
7 326
36 327
37 13
18 6
18 6
18 43
18 43
0 2
18 5
18 43
27 309
13 5
40 13
36 21
0 328
0 13
1 329
49 330
23 5
0 331
1 332
1 2
1 70
0 309
1 6
1 333
0 18
18 3
1 334
1 6
11 43
1 335
0 6
0 336
0 212
0 337
1 338
0 3
0 43
0 339
0 270
1 2
1 78
0 31
2 3
1 24
1 31
0 3
0 31
1 340
0 3
0 341
1 182
32 6
1 105
11 5
11 5
0 3
23 342
0 0
0 0
0 15
0 2
1 45
0 24
2 24
5 31
11 31
0 3
0 0
0 1
0 3
0 3
0 343
2 28
0 344
0 77
7 13
0 5
0 5
57 0
57 0
0 31
0 0
0 0
1 345
0 3
0 31
1 2
1 3
0 3
0 13
1 2
2 5
0 75
0 184
0 346
1 347
0 147
0 110
1 215
1 22
0 105
0 101
0 3
1 6
2 2
12 8
1 348
46 319
2 2
11 349
1 22
0 350
0 351
0 2
2 352
1 2
0 3
0 3
0 3
7 353
0 201
0 3
0 192
0 3
0 49
0 168
2 5
0 3
2 5
0 3
0 3
18 3
0 3
0 319
0 3
2 70
2 239
0 3
11 267
2 49
0 28
7 11
2 114
1 5
0 5
11 21
11 21
7 13
2 354
2 355
11 2
10 168
0 168
0 168
7 356
0 20
0 21
11 49
0 6
1 6
0 27
1 6
0 3
0 3
0 28
0 28
1 83
0 20
0 28
0 319
0 3
0 28
1 3
0 49
0 3
0 3
0 3
0 3
0 20
0 197
0 3
0 3
0 357
0 3
2 3
2 11
0 49
2 13
0 358
0 28
0 28
2 198
0 3
1 83
0 83
0 32
2 49
0 3
0 3
1 2
1 11
0 49
0 3
2 359
0 3
0 49
0 3
0 3
1 49
0 115
0 3
7 360
0 3
0 49
0 49
2 33
0 48
7 2
2 11
2 25
2 361
0 49
0 11
1 11
0 28
2 11
1 11
0 11
18 49
0 3
2 21
2 21
2 5
2 5
0 362
2 3
1 49
0 20
0 3
0 363
58 28
15 20
2 13
11 21
2 3
0 364
2 49
2 49
0 11
1 49
1 3
1 11
0 11
23 66
1 5
0 3
46 10
11 365
9 62
50 366
50 366
0 367
2 210
1 18
36 44
40 8
11 6
59 368
36 327
60 224
2 0
2 75
5 6
0 3
60 224
1 5
1 35
0 35
0 369
0 19
0 210
1 370
2 24
0 128
0 371
1 2
0 372
1 69
2 2
2 126
46 3
0 290
12 2
2 373
1 374
0 2
0 0
0 375
7 5
0 147
0 2
2 358
0 3
7 2
0 2
1 2
0 13
0 31
1 70
1 376
2 69
1 2
1 22
1 246
7 13
2 316
0 15
0 15
16 5
1 377
1 58
0 3
0 137
0 55
0 147
0 121
11 378
0 2
0 3
1 24
2 24
0 195
0 195
1 379
1 380
0 2
0 2
1 2
0 2
0 13
0 15
1 23
2 40
1 41
0 0
1 15
1 15
0 22
0 189
11 22
0 27
28 114
1 5
0 381
2 1
0 31
0 1
1 24
1 1
1 13
53 22
42 13
4 382
7 383
0 384
0 384
0 385
1 14
1 22
2 22
0 19
1 386
0 24
7 13
0 57
2 387
0 2
2 388
2 24
0 22
2 2
2 13
2 5
2 5
2 231
2 13
1 389
42 390
13 13
2 24
0 130
2 22
0 13
0 24
2 5
2 5
7 24
2 13
2 13
1 13
7 24
1 13
2 5
2 391
2 391
2 0
2 392
2 392
2 5
6 21
6 21
2 380
2 393
7 13
2 394
2 24
1 1
14 395
1 396
0 397
16 246
0 398
0 212
0 61
61 5
36 23
11 13
0 399
0 217
0 400
0 13
11 342
2 3
7 401
2 49
0 83
6 402
0 6
18 101
18 101
11 6
11 6
23 20
15 49
23 22
0 43
0 43
0 43
0 43
2 21
0 3
5 6
0 6
18 13
15 79
0 165
0 165
1 79
62 22
11 24
0 403
46 404
46 49
11 405
14 406
2 407
58 22
28 3
28 114
28 114
20 21
32 22
18 8
17 3
1 96
0 3
0 22
1 408
0 409
0 24
0 410
15 411
0 31
0 412
0 3
63 3
0 3
2 3
64 413
2 42
0 70
1 75
12 21
0 3
2 75
7 21
7 42
0 70
1 49
7 238
7 13
0 3
2 11
0 414
2 415
2 315
6 13
0 3
0 3
0 416
0 3
0 417
1 12
0 22
0 22
0 3
0 416
0 237
1 268
2 42
0 22
11 418
0 24
0 22
0 419
0 420
0 54
1 18
7 5
7 5
7 5
0 130
2 5
2 24
29 18
50 3
1 421
6 43
41 49
53 266
57 75
5 31
0 24
5 75
4 175
5 66
36 422
36 6
36 423
37 13
65 424
10 6
18 6
18 6
18 6
66 101
66 101
18 425
30 118
18 426
18 427
18 24
25 428
11 13
7 429
13 13
7 430
6 75
56 431
40 154
32 193
1 432
0 433
0 434
12 134
11 3
15 8
0 13
1 435
0 435
2 436
7 437
1 438
4 438
0 439
1 195
0 440
0 27
0 27
0 201
0 121
0 441
0 65
0 442
0 158
0 24
0 43
0 6
1 443
0 192
0 22
0 22
0 24
1 24
0 270
0 114
0 13
0 6
2 70
1 79
0 271
0 6
18 0
0 444
1 5
0 445
0 79
0 3
0 446
0 447
0 3
0 3
30 448
47 449
1 450
1 227
2 250
2 8
1 23
1 3
1 2
5 3
11 451
0 452
1 24
0 3
0 3
0 453
0 454
0 346
18 455
0 62
0 24
0 456
1 22
0 344
0 78
36 0
0 75
0 75
0 31
0 28
0 31
2 23
2 3
0 31
0 3
0 3
1 24
0 2
0 3
0 457
0 2
0 435
0 434
1 13
7 458
2 13
2 20
0 6
0 3
0 263
0 263
0 3
0 459
2 5
0 2
2 24
2 0
7 21
7 2
7 21
53 3
7 5
2 28
0 460
1 394
0 461
0 64
0 3
0 201
2 11
0 462
0 3
0 3
0 463
0 3
0 3
0 151
0 48
2 11
0 464
0 3
2 28
1 75
54 49
2 2
2 169
28 120
0 267
2 21
2 21
7 128
1 465
0 3
0 3
0 3
0 6
0 3
2 70
14 121
0 466
0 467
2 22
11 83
0 468
0 469
18 470
2 42
13 471
0 24
0 11
0 83
1 2
0 11
1 21
1 3
1 3
2 5
0 3
0 3
0 5
2 83
11 3
1 20
0 472
26 473
0 151
0 3
2 11
0 83
0 3
0 474
7 49
0 3
2 475
0 151
0 149
0 3
11 11
1 115
0 3
11 3
0 83
0 49
2 198
0 364
0 28
0 24
0 153
0 3
0 3
0 3
11 3
0 476
1 24
2 11
1 146
0 477
2 3
0 478
0 20
1 49
0 478
1 40
2 3
1 49
0 49
0 479
0 279
5 3
23 311
0 175
1 206
5 66
22 23
36 66
36 44
0 48
36 277
11 24
36 21
11 118
0 340
11 118
0 8
1 75
0 105
5 66
5 66
5 175
22 6
9 22
1 6
11 480
67 481
1 482
21 160
1 8
0 3
46 15
0 483
0 210
2 69
2 69
11 3
2 24
0 484
56 148
0 485
68 447
0 486
2 345
2 49
2 2
2 111
2 69
0 147
0 18
0 22
0 380
0 2
6 18
0 2
7 66
2 252
0 31
0 147
0 487
0 70
0 348
0 70
0 3
0 2
0 24
1 2
0 70
0 147
0 488
0 24
0 3
0 114
0 2
0 2
0 348
0 13
0 57
2 185
0 23
1 70
0 489
7 1
46 11
0 490
0 24
4 70
1 3
1 19
0 23
0 18
53 491
2 24
2 24
0 492
0 69
0 5
0 340
1 5
0 493
1 493
1 5
0 369
1 494
1 494
1 494
1 494
0 352
15 134
7 495
0 496
2 22
20 497
2 206
2 498
0 499
1 500
7 15
1 2
0 70
2 21
2 24
16 13
2 24
38 2
53 1
2 24
0 13
7 13
0 160
2 18
0 24
2 501
2 501
7 502
2 57
2 503
1 2
7 66
38 13
2 196
2 2
7 5
1 24
58 24
2 28
1 504
2 5
9 24
6 13
2 13
2 300
20 505
2 505
2 5
7 111
2 5
2 13
2 167
1 2
13 5
7 13
2 5
2 5
2 5
2 5
7 128
2 437
2 506
7 126
6 13
13 507
2 8
2 5
2 2
2 508
2 387
7 57
0 24
1 22
11 5
0 509
0 509
11 510
0 22
0 45
2 13
1 511
38 511
42 5
53 49
1 271
1 62
1 62
1 79
0 45
7 49
12 5
7 2
0 130
11 512
11 512
2 319
69 59
26 483
26 83
0 308
0 43
1 6
0 165
0 165
0 103
1 513
11 6
52 89
0 141
23 514
15 20
0 57
16 515
23 20
15 84
2 11
0 3
0 3
0 43
11 101
0 3
11 79
11 79
11 79
1 228
32 180
4 79
23 22
11 118
0 79
46 75
18 75
0 3
11 516
0 517
1 3
0 3
2 11
28 319
0 3
10 3
46 346
28 3
0 75
0 75
0 37
28 66
6 121
6 167
2 5
2 137
6 401
28 114
28 114
28 120
12 518
12 519
5 24
2 520
70 521
0 84
0 522
0 6
11 13
1 2
1 373
0 3
1 22
0 3
0 523
1 524
0 24
0 3
0 0
0 24
2 42
0 3
0 2
0 525
0 31
0 422
7 13
0 2
2 75
2 526
1 5
0 257
2 24
46 83
0 70
6 70
15 148
0 348
2 527
2 111
36 24
21 160
2 43
0 23
2 528
10 529
2 13
16 5
12 128
2 3
2 13
9 12
0 43
0 21
0 6
0 70
2 2
1 2
0 147
0 530
0 147
0 147
1 21
2 345
0 2
0 531
0 532
0 74
0 18
0 169
2 13
7 40
2 167
7 532
2 124
28 3
39 533
39 534
5 207
36 2
36 535
36 536
36 537
71 48
36 144
61 75
28 114
65 13
1 538
0 75
72 13
0 83
0 83
17 21
7 13
7 13
1 17
2 17
52 17
1 17
8 539
2 5
22 540
40 541
5 24
36 21
45 21
37 154
22 2
36 207
0 542
0 534
0 433
0 543
69 544
20 545
1 19
1 546
11 22
5 6
5 225
0 2
0 101
5 6
2 395
2 10
11 6
0 547
11 123
1 548
15 549
1 548
5 24
5 24
9 550
0 550
0 548
0 148
0 365
2 184
0 3
0 165
0 160
0 389
5 551
0 552
0 222
11 481
1 8
1 553
18 8
0 8
0 3
1 215
1 75
1 554
0 22
7 555
0 3
9 556
0 2
0 557
0 557
0 3
2 15
11 31
0 75
0 0
0 0
0 28
0 3
1 8
11 558
0 23
1 231
14 21
2 1
0 559
2 560
2 13
7 13
2 21
2 561
7 504
0 319
7 21
11 21
2 263
0 3
8 78
18 24
0 151
0 3
0 28
0 3
0 3
0 3
1 466
0 151
0 3
2 40
2 21
1 3
2 239
7 21
0 121
2 40
0 5
0 64
0 562
0 13
2 49
1 3
0 563
0 3
0 319
2 83
0 83
0 3
0 3
2 49
0 83
0 5
11 21
11 564
0 49
2 21
1 149
1 565
2 3
0 49
1 566
1 11
0 567
0 364
0 28
0 3
0 3
0 149
0 3
0 3
0 3
0 153
0 3
0 151
0 83
0 3
0 360
0 237
2 49
7 49
1 380
5 267
2 21
2 267
10 70
15 20
0 568
2 569
0 24
10 570
0 571
1 572
36 573
72 13
5 574
36 44
36 207
45 327
45 327
32 6
32 6
2 245
36 575
36 576
36 575
0 577
11 578
0 301
0 579
1 580
11 581
11 581
18 187
11 13
0 75
37 6
0 417
0 582
0 583
0 235
0 584
0 26
0 585
0 285
0 586
0 11
0 210
1 210
46 40
0 15
2 587
2 588
0 82
2 24
0 589
0 270
2 40
2 590
0 3
2 210
0 389
0 389
0 3
7 69
2 332
1 3
0 591
7 5
2 49
7 592
2 593
0 3
28 114
0 160
0 160
2 22
2 22
0 22
2 2
73 0
2 5
0 2
1 57
1 31
11 28
1 2
1 22
1 389
1 2
1 2
0 2
1 22
0 594
0 453
0 348
0 3
0 348
0 316
0 43
0 2
1 43
17 23
0 70
2 61
1 22
0 595
0 596
0 597
0 290
0 290
0 598
1 5
2 5
2 5
0 123
2 599
0 600
0 24
0 601
1 22
0 598
2 602
53 43
1 22
7 442
53 43
2 603
1 604
0 217
1 5
3 5
20 605
0 606
0 606
0 606
0 606
1 22
0 607
1 210
2 13
0 124
2 608
74 21
74 21
21 609
21 609
0 610
0 611
7 612
2 613
2 24
0 11
4 614
4 562
0 615
0 168
2 2
7 21
2 21
1 1
2 2
2 616
2 388
14 2
7 617
7 13
2 24
7 2
2 263
7 49
2 618
0 49
7 13
2 13
7 5
2 13
7 619
0 620
0 621
1 622
1 210
2 13
2 13
2 24
2 24
2 314
7 13
7 13
0 2
2 5
3 137
7 623
2 13
7 13
2 624
2 625
2 24
7 5
2 24
2 626
2 271
3 24
3 254
7 208
2 627
21 105
6 44
7 628
0 111
1 2
1 629
2 5
0 212
0 2
0 24
32 24
0 5
1 630
2 20
2 126
11 22
1 339
21 631
0 3
0 484
1 31
13 271
2 66
38 13
2 25
47 632
46 633
46 634
10 242
0 635
0 635
1 513
29 84
29 84
0 6
29 8
18 6
1 8
32 57
12 636
0 637
15 311
23 638
15 84
0 5
0 20
1 18
11 639
11 3
18 640
23 20
23 352
5 43
1 6
11 6
0 84
2 641
15 311
0 352
0 1
0 20
0 642
0 643
11 581
46 3
40 312
10 22
12 644
75 271
46 28
28 2
2 3
58 645
2 646
2 647
6 210
6 6
6 22
7 402
16 648
28 32
28 114
12 49
5 649
18 650
0 651
0 652
0 24
0 653
0 5
0 5
0 3
12 5
0 654
1 58
0 557
2 187
1 208
0 192
0 31
0 655
0 3
0 3
2 24
0 86
76 24
0 656
0 453
2 21
11 21
1 75
0 64
67 657
0 49
0 153
2 24
11 267
2 75
2 3
0 66
46 285
7 658
0 130
0 130
0 659
1 660
0 239
0 24
0 3
11 661
2 662
2 663
0 3
0 3
0 3
2 13
0 664
0 46
0 18
2 97
1 2
0 147
1 412
1 2
0 70
2 70
42 665
2 5
1 666
1 667
2 668
2 669
0 670
2 671
0 672
2 673
2 674
2 675
2 70
0 49
7 128
7 676
0 99
2 24
2 218
0 265
0 677
2 678
28 315
28 315
56 3
77 679
56 324
78 680
79 681
79 21
5 111
1 72
13 270
36 481
36 481
36 682
36 105
37 13
65 3
18 8
18 23
18 23
18 6
18 683
5 75
18 22
18 684
18 685
0 3
1 141
7 8
7 13
13 5
13 13
80 686
81 687
76 688
53 75
33 21
37 13
36 689
45 573
32 75
82 690
11 690
0 691
0 692
26 693
1 384
1 694
0 695
0 607
0 607
0 607
0 607
0 607
0 607
0 607
11 696
18 697
44 698
44 698
0 37
58 44
4 20
1 49
12 352
12 352
5 1
15 84
1 22
1 291
0 699
65 6
0 442
1 442
53 24
11 440
1 43
0 700
0 701
0 128
1 138
1 702
0 2
0 24
40 8
0 23
0 703
22 704
7 705
0 32
0 3
0 0
0 8
2 13
0 11
7 706
2 707
2 189
2 189
2 189
1 55
0 708
0 708
7 13
2 5
2 5
7 187
7 709
2 13
2 271
46 319
0 437
42 172
0 710
7 2
0 711
0 13
2 354
0 153
11 467
0 201
0 712
11 713
0 83
0 3
0 714
1 1
0 48
0 3
1 153
0 3
0 3
7 13
0 715
7 49
2 6
1 239
1 2
0 49
13 716
7 49
1 717
0 207
36 44
36 2
22 327
22 327
40 327
3 718
40 718
11 6
0 719
9 720
11 581
11 581
11 118
11 721
0 118
11 722
1 577
11 721
11 581
0 643
11 723
11 581
1 724
1 11
0 369
18 49
2 128
1 23
46 393
7 630
11 126
58 725
2 726
0 371
0 727
0 728
2 69
1 210
12 315
2 729
2 315
2 315
2 730
0 105
0 5
0 5
2 731
2 2
3 130
1 550
2 2
0 172
0 172
0 2
0 15
0 172
2 12
0 169
28 453
2 3
0 530
0 6
11 39
11 39
11 39
1 2
7 13
21 732
18 733
2 734
1 735
0 736
1 11
1 18
0 343
11 737
0 738
1 127
2 739
1 740
2 5
2 741
3 1
0 22
0 742
0 695
1 23
2 22
1 22
46 428
1 743
1 744
0 44
1 13
0 745
0 746
0 747
11 336
2 6
2 748
1 749
1 749
2 66
0 750
2 719
0 24
1 22
1 22
2 602
21 549
0 751
1 52
1 752
0 8
7 8
13 630
0 21
1 24
2 384
0 612
11 13
83 753
6 105
6 5
11 754
0 697
0 697
44 755
0 66
7 5
7 756
2 23
2 757
0 2
2 175
2 2
0 22
38 5
3 49
1 24
38 758
3 13
2 13
7 759
2 2
2 105
0 340
2 1
2 70
38 137
2 760
1 23
1 23
2 251
1 23
2 761
1 22
2 52
2 57
0 762
0 271
9 2
11 258
47 258
21 5
2 167
2 763
2 24
16 24
2 5
1 5
2 13
13 13
14 24
7 21
2 764
7 13
7 24
2 2
7 24
2 394
2 263
1 5
42 23
2 57
0 5
7 765
7 24
2 5
2 625
2 38
7 38
0 38
0 38
2 38
0 5
2 24
2 756
2 5
7 2
2 5
2 45
2 315
2 394
7 24
2 24
2 24
7 13
2 623
7 49
2 24
7 13
38 5
3 5
2 66
2 5
2 5
2 5
2 232
7 21
7 13
84 13
0 13
65 88
0 111
11 11
2 8
11 766
1 5
0 129
11 767
11 767
1 22
1 5
7 251
0 768
2 271
1 2
3 13
1 668
1 24
0 271
0 106
0 271
1 271
1 271
0 128
3 24
2 5
1 5
2 24
7 22
0 20
7 22
0 769
69 8
12 770
7 771
0 49
0 11
2 3
0 772
0 773
46 774
46 774
13 775
29 775
29 228
0 5
44 776
10 20
0 98
12 777
0 777
1 778
52 639
85 779
0 20
23 22
23 98
0 780
0 639
23 5
11 781
15 782
58 782
18 6
2 3
5 336
30 43
11 24
0 3
29 84
26 783
0 62
1 784
2 785
10 3
11 319
86 2
46 786
11 787
11 787
12 0
46 788
46 789
44 698
0 2
0 2
40 23
40 23
6 0
6 790
76 791
87 792
88 793
28 271
28 114
0 114
28 794
56 114
28 49
20 795
75 796
89 13
18 8
18 797
5 70
40 191
0 593
7 798
0 256
30 799
0 31
0 800
1 523
0 31
0 801
0 802
0 802
12 803
12 57
41 796
0 3
2 11
0 239
2 25
2 373
2 237
11 804
1 66
0 70
90 70
1 805
0 86
0 622
0 242
2 5
2 5
2 806
2 21
0 807
0 2
0 27
0 123
0 218
2 51
0 808
1 6
11 89
0 18
13 42
12 809
0 810
2 244
7 49
1 811
46 812
10 0
2 22
